0	0	0	0	0	0	0	0	0	0	0	0	0	0	0	
0	0	0	0	0	0	0	0	0	0	0	0	0	0	0	
0	0	0	0	0	-10120.0	-10120.0	-10120.0	-10120.0	-10120.0	0	0	0	0	0	
0	0	0	0	-10110.0	-10120.0	-10120.0	-10120.0	-10120.0	-10120.0	-10120.0	-10120.0	-10110.0	0	0	
0	0	0	0	-10120.0	-10110.0	-10120.0	1	-10120.0	-10120.0	-10120.0	-10010.0	-10120.0	0	0	
0	0	-10120.0	-10120.0	-10120.0	-10120.0	2	-10120.0	-10120.0	1	2	-10119.0	-10120.0	0	0	
0	0	-10120.0	-10120.0	-10120.0	-10120.0	1	2	-10120.0	2	-10118.0	-10120.0	-10120.0	0	0	
0	0	-10120.0	-10120.0	1	-10120.0	2	2	2	1	-10120.0	-10120.0	-10120.0	0	0	
0	0	-10120.0	-10120.0	-10120.0	-10120.0	-10120.0	2	-10117.0	1	-10120.0	-10120.0	0	0	0	
0	0	-10120.0	-10120.0	-10120.0	-10120.0	2	1	-10120.0	-10119.0	-10120.0	-10120.0	0	0	0	
0	0	0	-10120.0	-10120.0	1	-10118.0	-10120.0	-10120.0	-10119.0	-10120.0	-10120.0	0	0	0	
0	0	0	-10120.0	-10120.0	-10119.0	-10120.0	-10120.0	-10120.0	-10119.0	0	0	0	0	0	
0	0	0	-10120.0	-10120.0	-10120.0	-10120.0	-10120.0	0	0	0	0	0	0	0	
0	0	0	0	0	0	0	0	0	0	0	0	0	0	0	
0	0	0	0	0	0	0	0	0	0	0	0	0	0	0	
